0.000000 0.000000 0.525714 0.522857
0.000000 0.200000 0.640000 0.637143
0.000000 0.400000 0.597143 0.420000
0.000000 0.600000 0.471429 0.554286
0.000000 0.800000 0.620000 0.528571
0.000000 1.000000 0.414286 0.531429
0.000000 1.200000 0.554286 0.565714
0.000000 1.400000 0.514286 0.594286
0.000000 1.600000 0.545714 0.577143
0.000000 1.800000 0.400000 0.457143
0.000000 2.000000 0.497143 0.397143

0.500000 0.000000 0.420000 0.397143
0.500000 0.200000 0.168571 0.374286
0.500000 0.400000 0.285714 0.345714
0.500000 0.600000 0.240000 0.445714
0.500000 0.800000 0.234286 0.545714
0.500000 1.000000 0.277143 0.285714
0.500000 1.200000 0.322857 0.600000
0.500000 1.400000 0.422857 0.374286
0.500000 1.600000 0.328571 0.391429
0.500000 1.800000 0.385714 0.431429
0.500000 2.000000 0.245714 0.554286

1.000000 0.000000 0.074286 0.280000
1.000000 0.200000 0.117143 0.017143
1.000000 0.400000 0.111429 0.085714
1.000000 0.600000 0.097143 0.105714
1.000000 0.800000 0.122857 0.040000
1.000000 1.000000 0.114286 0.094286
1.000000 1.200000 0.094286 0.145714
1.000000 1.400000 0.105714 0.111429
1.000000 1.600000 0.091429 0.062857
1.000000 1.800000 0.211429 0.180000
1.000000 2.000000 0.125714 0.182857

1.500000 0.000000 0.031429 0.022857
1.500000 0.200000 0.037143 0.005714
1.500000 0.400000 0.005714 0.011429
1.500000 0.600000 0.022857 0.042857
1.500000 0.800000 0.008571 0.020000
1.500000 1.000000 0.017143 0.017143
1.500000 1.200000 0.022857 0.011429
1.500000 1.400000 0.011429 0.005714
1.500000 1.600000 0.020000 0.008571
1.500000 1.800000 0.037143 0.011429
1.500000 2.000000 0.002857 0.008571

2.000000 0.000000 0.000000 0.000000
2.000000 0.200000 0.000000 0.000000
2.000000 0.400000 0.000000 0.000000
2.000000 0.600000 0.002857 0.000000
2.000000 0.800000 0.000000 0.000000
2.000000 1.000000 0.000000 0.000000
2.000000 1.200000 0.000000 0.000000
2.000000 1.400000 0.000000 0.000000
2.000000 1.600000 0.000000 0.000000
2.000000 1.800000 0.000000 0.000000
2.000000 2.000000 0.000000 0.000000